750
747
497
158 160
245
675 518
372 280
787
811
51 911
460
426 128
776
638
680
728
536
254
647
857 858
394 395
439
510 511
369
306 307
83
609 612
994
631 666
970
859
733
429
788 840
978
939
60
691
861 371
855
314
144 828
567
46 825
425
944
736
239
475 291
216
116 617
933
201
337 338
888
519
312
696 920
428 909
754
84 686
187
541
457
348
455 175
565
884 960
827
44 676
845
87
611
302
94 288
462
729
646
770 366
523 524
803
177
118 503
351
678
324 990
209
346
549
876 454
568 571
520
127
461 59
623
211
914
899
479
692
379
746
367
483
99 234
182 162
667
576
268
777
193
139
658
766
456
210
292
521 912
468
17
780
404
77
977 979
200 93
743
486
54 55
886
966
616
820
463
756
499
451
220
606
217
3
660 163
602
252 253
135
906
605
331 130
293
286
640
445 535
925
706
613
89
164
955
604
589 760
816 919
276
57 58
334
948
301
319
360
927 928
792
1
621
219
854
971
203
183 185
38
109
434 437
739
96 458
472
997
998
350 248
6 716
145
768
473
21
812
553 643
29
951
453
191 363
905
31 476
550
836
679
480
323
126 427
430
594
230
924
798 415
826
569
575
213
947 522
651 653
490 701
48
588
80 973
514
742
422 424
15 18
574
935
260
267
718
525 527
446
296
147 365
151 152
106
325
877
396
71 72
972
403 237
785
907
995 814
11
156 157
789 984
149
627
202
889
937 993
712
853 622
740 856
702
315
538
654
603 965
761
431
91 668
370
362
841 226
321 295
159
988 796
368 957
626
848
14
309
129 573
364
727
852
865
225
235
349
320
719
596
205
400
898 901
755
380
645
246 414
196
10 8
528 529
663
361
304 598
262 53
85 918
779
285 881
327 991
615 117
485
188 385
672
305
398 399
903 720
28
863
767
317
964
561
837 769
843
283
593
186
274
975
931
662 384
167
650
641
673 674
745
707
281
212
734
251
81
765 838
945 449
832 943
272
329
50
880
41
335 625
710 459
278
356
249 250
870
989
963
256 257
950
554
849
544 388
178
266 269
418 82
813 383
726 180
902 958
913
90
875
103
441
420
949 915
581 40
708
887
140
184
515
954
842
751 36
980 981
131 664
34
809
433
987
983
690
122
923
790
179
504
375 376
347
332
556
142
934 432
241
869
49 910
447 940
501 982
357
310 318
166
677
986
218 223
236 405
495 133
176
270 271
124 717
189
279
277
78
713
614
9
850
882 883
799
508
864
959
214 215
844
259 95
509
969
681 683
833 545
32 478
284
695 417
297 595
916 689
66 67
996 999
757
68 69
893
759 885
101 872
62
298
444 534
700 443
867
352
494 37
512 952
687
35
63
530
222
807
577 578
243 244
629
890
440
537 542
282
771
442
289 290
570
397
33
819
410 408
722
652
326
693
592
23
633 634
190 227
533
818 824
168 169
43
559
27 30
878
409 206
100
102 930
749 413
436
412
496 498
358
649
775
138 119
724
294
908
98
481 482
25
174
419 12
699 438
316
466 469
620 659
345 115
208
484 487
390 343
607 608
121
639
562 52
64 47
730
450
311
936
917
407 65
946 558
110
618 670
778
75
467
378
322 721
688
502
737 619
830
582 566
300
194
851
610
136
731 231
42
265
584
328
197
287
834 835
879 474
804
797 143
753 758
258
79 685
953 61
967 968
921
806 204
123 665
107
406
507
635 636
416
821
829
233
555
421
464 465
932 904
741
111
303
704
232
73
76 684
532
656
342
815
548 195
492 344
956 862
661 330
539
817 108
125
805 628
839
786
500
896
738
229
962
263 264
247
308
782 783
985 697
387
24
795 698
802
705 709
255
922
942
452 630
644
557
591
148
391
353 355
221 224
171 172
938
489
39
846 601
435
531
516
891 892
871 402
762 763
926
546
597
333
74
823
198 199
238 941
339 341
540
764
564 517
132
192
393
752 150
70
772
961 580
154
92
586 587
491
22
313
275
242 773
7
4
784
45
299
105 547
551
874
723
599 600
725
711 392
112
624 336
866 868
860
732
377
170
488
822
583 585
240
748
273 373
13
642
448
181
381
682
976
506
505
374
648
847 471
543 513
493
134 137
655
800 801
714 715
563 155
165 114
340
900
669
20 810
16
703 173
5
808 26
791
411
56
477
19
793 794
354
894 88
153 632
0 2
389
423
86 897
671
261
735 146
895
359 552
228
207 590
120
572 97
831
657 744
929 104
161 401
637 750
526
386 974
470 579
560
141
992
694
873 382
113
774 781
